cl__1 = 1;
Point(1) = {2.35, 499.46, 0, cl__1};
Point(2) = {2.14, 496.52, 0, cl__1};
Point(3) = {2.43, 499.45, 0, cl__1};
Point(4) = {2.323883248730965, 497.9843654822335, 0, cl__1};
Point(5) = {2.278578267389549, 497.9856355981082, 0, cl__1};
Circle(1) = {1, 4, 2};
Circle(2) = {2, 5, 3};
Line(3) = {3, 1};
Curve Loop(1) = {1, 2, 3};
Plane Surface(1) = {1};
