cl__1 = 1;
Point(1) = {1.12, 3.53, 0, cl__1};
Point(2) = {3.94, 3.07, 0, cl__1};
Point(3) = {2.29, 1.43, 0, cl__1};
Point(4) = {2.644826869422221, 2.72304003991057, 0, cl__1};
Line(1) = {1, 2};
Circle(2) = {2, 4, 3};
Line(3) = {3, 1};
Curve Loop(1) = {1, 2, 3};
Plane Surface(1) = {1};
